time,x,y,z,phi,theta,psi,x_velocity,y_velocity,z_velocity,phi_velocity,theta_velocity,psi_velocity,rotor_speed1,rotor_speed2,rotor_speed3,rotor_speed4
0.06,6.615158390520728e-08,-8.60362904427122e-08,10.004197434042558,6.2829071756768045,6.283085390928509,0.0,7.351226928733461e-06,-1.5557923260945432e-05,0.13990683783555033,-0.016055116901211784,-0.0052234522394163764,0.0,449.1176549303482,448.69390790251913,450.51018892619317,449.2104636268776
0.12000000000000001,3.7879454427720795e-06,-1.0806110803630383e-05,10.016365662256685,6.281940420275607,6.28288433354558,0.0,0.00014367332179503623,-0.0004438964954512892,0.26567908348603253,-0.01622777885467156,0.00015334095186928507,0.0,445.2176186275211,445.6573067837272,444.6386290612364,444.6245776996778
0.18,1.8215491229783485e-05,-6.49363255342182e-05,10.033996482348499,6.281061930842892,6.282869002013708,0.0,0.0003375210626837206,-0.0014487349461270041,0.3220001156059701,-0.011644125085680334,-0.0010861324902528985,0.0,423.4771675973612,423.3705606718098,422.178514738862,422.57384587971706
0.23999999999999996,4.485063467032662e-05,-0.00019853769392923752,10.056337836308943,6.280149512685442,6.2831652539911484,0.0,0.0005363449955177399,-0.0030856270021561313,0.422679004808926,-0.023504521494545502,0.014865077836402688,0.0,436.0761511194263,437.40629787552444,438.234564474156,437.2478419690655
0.3,7.371987461460465e-05,-0.00046078566778667607,10.087414671568796,6.278677303156368,0.0007539640272193893,0.0,0.0003294763641981381,-0.005821923366303935,0.613131635720896,-0.02668549256954368,0.00864876067285594,0.0,465.7067725877592,465.22024138225356,464.5241260539162,464.2745945780101
0.36000000000000004,7.471622949804659e-05,-0.0009094722679908603,10.127240557581734,6.27714998029939,0.0021025632734232858,0.0,-0.0004006884712294609,-0.009293749564533802,0.7143386659643168,-0.023102466634087954,0.04126531177510493,0.0,436.22416866317917,438.9390174889201,437.6500066587666,437.9479577179096
0.4200000000000001,1.675002808077291e-06,-0.0015866575965995922,10.171604086427713,6.276541884201782,0.0042947156153294586,0.0,-0.00225690219362667,-0.013365693649162359,0.7644119268939926,0.007827446737360234,0.02482796330870079,0.0,421.83583698721725,420.41489322760833,420.14234731629784,422.81515934225666
0.48000000000000015,-0.00021956418972710845,-0.0025107501886027198,10.218428817130283,6.276844726363031,0.006404365185247229,0.0,-0.005288095656392225,-0.017401126786982933,0.7963898368483041,-0.0011907950102552686,0.05038147108729985,0.0,414.3077846754249,416.54872291162275,415.71599154325395,414.92505066053707
0.5400000000000001,-0.0006799058230420999,-0.0036851844385947436,10.269097317603833,6.276949970668689,0.009410248831581924,0.0,-0.010361883995019888,-0.021743949318986617,0.8924873401423982,0.007074874473314271,0.049525335304074054,0.0,435.6668549299897,435.5969124584701,436.6880269128619,437.3768519115413
0.6000000000000002,-0.0014901407912490947,-0.005106284549786881,10.323904574576861,6.277389613512039,0.011934497741955319,0.0,-0.016909155752066828,-0.025585498433505882,0.9343850926790124,0.007827682272095994,0.019807381334421656,0.0,419.760879013702,417.17529483316605,419.2952925153466,419.3605716423127
0.6600000000000003,-0.0027292066068141736,-0.00674665845867634,10.380759769026424,6.277984049222905,0.013387795971000038,0.0,-0.02451422720548737,-0.029044790529927027,0.9607647511876503,0.013771967989238867,0.03184217951248221,0.0,413.229297926138,414.2888202444362,413.58738132720026,414.11041796360144
0.7200000000000003,-0.00447603108590694,-0.008590657306063834,10.440835054991938,6.278945513935893,0.015102422155121253,0.0,-0.03389304099979927,-0.0323325160529541,1.0416719499422435,0.020186224671808466,0.021083540149587295,0.0,431.64351600678845,430.73499070966244,432.08170246637434,432.62197177992476
0.7800000000000004,-0.006894578406394989,-0.010631362457941294,10.510743289020333,6.28007443464487,0.016727961416909132,0.0,-0.046902900331323404,-0.035545103661801816,1.2883550908798684,0.015922271836137734,0.03699787522596855,0.0,481.0207779418927,482.2243963166685,483.17737579847653,482.855766099086
0.8400000000000004,-0.010098912928360815,-0.012830997273322672,10.5931531195257,6.280884473780109,0.018750748747490498,0.0,-0.060144338367854086,-0.03767573943134937,1.4584335147572816,0.008154752087033871,0.026167628845994467,0.0,461.0840647765116,460.22815027114376,460.1903454459675,459.57503418827014
0.9000000000000005,-0.014144555673481819,-0.01514017262585199,10.685925430663694,6.282564098739833,0.020630225816762326,0.0,-0.07490301757219946,-0.03915567229250865,1.6337389060714735,0.05179675152067741,0.04003451662131807,0.0,462.14782956911915,463.23972929970193,460.15637951673267,463.5981277205498
0.9600000000000005,-0.0190921560200003,-0.01748913601159967,10.78777998364553,0.003420385624442801,0.02339026220459317,0.0,-0.0902891121595801,-0.03875267693143404,1.7612184349156774,0.08772050751541971,0.055846117704808435,0.0,446.97313872122703,448.2609701586105,447.3017745578756,450.22057016787755
1.0200000000000005,-0.02499473401889909,-0.01972563052342253,10.895997806821745,0.008636397016943853,0.02666559602282348,0.0,-0.10679097334252013,-0.0352753289186908,1.8458979152208188,0.08531232520503905,0.051948914256990976,0.0,435.46404376604886,435.1399982628894,435.0706823578333,434.8754535238312
1.0800000000000005,-0.03207938659935476,-0.021603720171850402,11.013942998479404,0.014057884757844974,0.029627705641181556,0.0,-0.12972664009679544,-0.026683819275702077,2.0851855126210657,0.09890393510893598,0.04363329295164648,0.0,482.3905216969046,481.7635205018248,482.1221818420854,483.15398764702024
1.1400000000000006,-0.04060351849793038,-0.02283196171913171,11.145975450229262,0.020286179500008217,0.032027612703112496,0.0,-0.15470396478721543,-0.013525375575894208,2.3154365542893554,0.11213971786275605,0.03150504089789336,0.0,481.2401633875838,480.32198278437147,479.9466528855619,480.95852370371136
1.2000000000000006,-0.05052305382786535,-0.02322011959350403,11.28690949103403,0.027031378519175142,0.03367956862545274,0.0,-0.17611666599701492,0.0012375472704911922,2.382206014610148,0.11297420510158013,0.018089182597994698,0.0,431.3517551651938,430.2175653303378,432.47965240753837,432.56153724557316
1.2600000000000007,-0.06179757368591074,-0.02255601706953624,11.433037543748997,0.03343409672305686,0.03480789294749531,0.0,-0.1998076408427227,0.02157556297564655,2.488477703182551,0.089678035364344,0.02020059515370698,0.0,444.5178482792009,444.6907809342193,445.486099462411,443.5869054518475
1.3200000000000007,-0.0746612372076236,-0.020402732391472455,11.58962066119175,0.03895319727494595,0.03629156555856383,0.0,-0.2291300678845866,0.050852141255386916,2.730380847832921,0.09623727707954856,0.03251729766630731,0.0,485.34995894541015,486.27348527410606,485.46570839757516,485.963930501974
1.3800000000000008,-0.08911449806683892,-0.01658293285426221,11.754986348366714,0.044455656990780135,0.0383584790390179,0.0,-0.2528322684810592,0.07700557441772911,2.781651746622003,0.08062465703621849,0.038054753504826073,0.0,428.7499326883605,429.22067880752047,429.2936763343462,427.9741740918647
1.4400000000000008,-0.10498558001548879,-0.011144551409085912,11.922255283615542,0.04926039881464028,0.04068673567690784,0.0,-0.2764088978003758,0.10470119535948479,2.793915915653139,0.07896552982394603,0.040262334828302,0.0,416.77646510691505,416.97021885037174,415.73634709347425,415.5965912997181
1.5000000000000009,-0.12261068624641801,-0.003595812076267908,12.09745921756514,0.054551362173944185,0.04285117538980554,0.0,-0.311356590332681,0.14751989645536226,3.0455266835907473,0.10213368058570306,0.02600558683514687,0.0,490.64207504504003,489.58292208492674,489.39886477462477,491.1257246156399
1.560000000000001,-0.1424271944199358,0.006716663419168977,12.288749640104475,0.060364525429112526,0.0446388877953261,0.0,-0.3493786002544297,0.1969597443784836,3.329971528218602,0.08350973359174965,0.03646215578480107,0.0,500.09404276378837,500.85528010344154,501.8327652885292,500.4858161319147
1.620000000000001,-0.16412299219840962,0.01952822803918313,12.487087145768824,0.06503663295266815,0.046689019603265436,0.0,-0.37399239207219165,0.23049007807042698,3.281377012479255,0.06313440930307793,0.02913607634564619,0.0,398.7914586256504,398.1222980266899,400.56493377236944,398.71305457601005
1.680000000000001,-0.18749741709484993,0.03466119916355135,12.686096511034414,0.06963994033121867,0.04844660319720706,0.0,-0.40531828690047733,0.27434513480547834,3.3520137027962886,0.09527560640590069,0.029605140755191894,0.0,438.8675794323837,438.90677950798596,437.1335396731019,439.8082349763617
1.740000000000001,-0.21279523727059238,0.05253443178816014,12.889508087885735,0.07519825552587456,0.05027866372455314,0.0,-0.43811088354877,0.3219665785050931,3.4280813401298365,0.08676513136694085,0.03233052143756157,0.0,441.15323683978215,441.3785418784007,441.0306595722596,440.3344486556214
1.8000000000000012,-0.24021531746706226,0.07354939415119201,13.099776355405343,0.0800671847636183,0.0518299417903183,0.0,-0.47606709369239897,0.379049755024019,3.5803213800558575,0.06650338308920874,0.007952340596196598,0.0,465.91064256367196,464.00077597941174,466.1407512467758,464.55950951775725
1.8600000000000012,-0.2697413126967811,0.0977810517644688,13.31532294248067,0.08425934685475678,0.05217831822963248,0.0,-0.5081691604046537,0.42903487434714604,3.604436702703812,0.07586733075463648,0.0011255877621047048,0.0,426.4886356558961,425.9050303080841,425.3067372449839,426.11195922390846
1.9200000000000013,-0.3012009893921019,0.12509315024566986,13.532340732411212,0.0890437670239077,0.052358823518400044,0.0,-0.5404969380133311,0.4817830432600274,3.629351449652577,0.08653383480815577,0.0065308476112424865,0.0,426.2141284025286,426.6758161572671,426.1081199147628,427.02440247850444
1.9800000000000013,-0.33465852277116914,0.15575078313387236,13.751847936279804,0.09471186749988725,0.0529475180726946,0.0,-0.574794937135376,0.5406396911612816,3.687292782018219,0.1068782030386741,0.015676109369456542,0.0,437.5862890765373,438.346852590526,436.2897579890969,437.9927008988876
2.0400000000000014,-0.3703110880750455,0.19027470882099823,13.977125467664607,0.10086082939509566,0.0536298277707159,0.0,-0.6136920555178729,0.6107831634927088,3.821413228409834,0.0918070139061013,0.0009581031247461102,0.0,462.81641053631887,461.6563783904521,462.2122328462026,461.03148125638387
2.1000000000000014,-0.40818151412509746,0.22889387447595147,14.208060462367657,0.10672277648726336,0.053575688757773854,0.0,-0.6486493397581008,0.6770400137712841,3.876144925876629,0.10743895754068737,-0.004910477322462921,0.0,438.45876147950247,437.9709184082896,437.66514431405545,438.9725535766345
2.1600000000000015,-0.4481913190938423,0.2716903556353523,14.443066062462258,0.11314969363225735,0.05333445919399615,0.0,-0.6849728620316753,0.750109011924043,3.9569890285748266,0.10646052671546408,-0.002297327609545486,0.0,447.0450995091687,447.25806870061075,447.22557912098847,447.1558669288213
2.2200000000000015,-0.490609301405001,0.319490054969863,14.687185593257551,0.11940015993079278,0.05436150558953923,0.0,-0.728992097979306,0.8438705349024408,4.179391048455502,0.09916243657768091,0.040606934415692894,0.0,488.3163955731197,491.50666726516175,491.36310184717377,490.83004573246734
2.2800000000000016,-0.5354645450662445,0.37253970641521317,14.940295867777841,0.12493524671430567,0.05668656409198647,0.0,-0.7664049498085508,0.9249737571266756,4.257190434841775,0.07253246012164,0.03475462011600616,0.0,449.9460360836775,449.47266804629663,449.41074996945036,447.2536791910087
2.3400000000000016,-0.5827060619124648,0.43076670818733265,15.199699405597386,0.12989306774055454,0.05823217682012505,0.0,-0.8084951380958346,1.0163466639147227,4.388953487592927,0.09758531797655493,-0.0062108760568853165,0.0,468.1591177151979,464.9605447089397,465.53691371561115,467.49826035609277
2.4000000000000017,-0.63271876140431,0.4950838914070675,15.470757410585673,0.13658382201618124,0.05793599358540291,0.0,-0.8584964262372983,1.1282020038371214,4.645115333143366,0.13038370775391955,-0.002501903818660476,0.0,502.27451093026406,502.54353991000534,504.5026931826782,506.87436135915704
2.4600000000000017,-0.6852393469025799,0.5651320582864393,15.748838796091448,0.14419757755755302,0.057605540332178684,0.0,-0.8921793440465615,1.2073807123614109,4.624192245798322,0.11881261669977801,-0.01232287092986061,0.0,421.60055947331455,420.75112709743473,423.0436694316444,422.0615315352129
2.520000000000002,-0.7400203397189694,0.6406747328120728,16.029864498271255,0.15148716750133406,0.05674829496351652,0.0,-0.9337455164182977,1.311368565317776,4.742648224134366,0.12637297299538358,-0.01853832959876851,0.0,466.7112294046513,466.22592305370733,466.19937823031955,466.80233713789454
2.580000000000002,-0.7972205779171044,0.7224584753502338,16.316983364920286,0.15852318555351275,0.05541060183018498,0.0,-0.9727914295499458,1.4154183990738356,4.827421574638734,0.0843974620149821,-0.03112791614991576,0.0,459.1938790467321,458.1939313007257,458.10446350555776,454.76507158958464
2.640000000000002,-0.8568178384491996,0.8108526246251034,16.610640123643897,0.1644310629196566,0.053116059890572664,0.0,-1.0135401174479834,1.531525010329656,4.960378390150426,0.1174683267868567,-0.0588885016088958,0.0,474.07800523434474,471.9390783696898,472.4724831186591,475.02285649750513
2.700000000000002,-0.918780010354365,0.9062622544595157,16.911755243576934,0.17220208260800085,0.05038125177062369,0.0,-1.051523956850945,1.649457460646623,5.0760546105953255,0.14654755252664958,-0.027290636419744205,0.0,468.4928013734834,470.9421938963135,468.6373020238746,470.9063155805618
2.760000000000002,-0.982827992696379,1.0084197556523236,17.21696257087892,0.18128661670531532,0.04874804970839808,0.0,-1.0832601362555394,1.7565482756287891,5.097176141337606,0.15968283121629348,-0.027079223787681253,0.0,441.9261101201342,441.9433594614791,441.1196485781249,442.2247644792753
2.820000000000002,-1.0489130017239832,1.1177718339720932,17.526668395334084,0.1911802580114843,0.04703144026693895,0.0,-1.1193694648835193,1.8894026411340965,5.225429485520823,0.17367267922388635,-0.031862162325026,0.0,476.974885929925,476.6092477540932,474.4166521305146,475.51361476836485
2.880000000000002,-1.1171217989152868,1.2352781917019302,17.84387955313076,0.20166598512245848,0.045545120585708254,0.0,-1.1540553920708863,2.0284120324424046,5.347324937333037,0.17685358309183366,-0.013425769807449622,0.0,474.7276564058189,476.1403319266571,476.16746682577576,476.4379160417465
2.940000000000002,-1.187344547997402,1.3611588784171023,18.16745729585603,0.21209997544136705,0.045277995858180375,0.0,-1.1866338081394652,2.1685186803178738,5.437759230614547,0.16722986125396738,0.009221720751953544,0.0,467.08800798064055,468.85125190272186,468.96810298052014,468.2471770284034
3.000000000000002,-1.259544348436029,1.4957517857676514,18.496878145356725,0.2218854001647621,0.04577929526559377,0.0,-1.2200564279738233,2.3187441761869527,5.541986239319231,0.15317893217310793,0.006562559947726759,0.0,473.66401801291534,473.4593143921199,475.4256489823268,474.37101063789754
3.0600000000000023,-1.3335460419875818,1.6385088220908797,18.827915878176995,0.23053684645268202,0.04688358739415044,0.0,-1.2467443799576063,2.4405260343393445,5.492492887011331,0.11236294176427575,0.03523675016719981,0.0,425.84252555638545,428.2888284836299,428.9020646245939,425.4398294443532
3.1200000000000023,-1.4092353890090847,1.7889989196797524,19.157230924265914,0.2374032484612716,0.048599337097038564,0.0,-1.2764053852388608,2.5763104521306923,5.484363977878492,0.11829710056674457,0.010015498218421315,0.0,442.70897483871784,440.6286331555816,440.25897267564926,440.76156851200716
3.1800000000000024,-1.4868116003911689,1.9481358344727158,19.487625859483575,0.24449707591524739,0.049073477031227775,0.0,-1.3095075553091087,2.728759381273708,5.5281893569758545,0.1180969658526083,0.00330007210367244,0.0,458.0354170140766,457.500820068281,459.1729790306574,459.16916248659504
3.2400000000000024,-1.5664417901353909,2.116830087085681,19.821758178749665,0.25145542715415914,0.0494114000434287,0.0,-1.344836703500139,2.8948570435894636,5.608717005658352,0.11134829978109631,0.009929931893547687,0.0,471.06143367645166,471.5738397649767,471.32275335714047,470.8119627436863
3.3000000000000025,-1.6481227269547942,2.2952157821278374,20.15913362429816,0.2581304609651056,0.05007129700851465,0.0,-1.3779098161582528,3.0517770350902866,5.6365741195449175,0.11105454760075263,0.013053666810974172,0.0,456.4243255078819,456.67348423345373,456.386831448391,456.3739875676682
3.3600000000000025,-1.7317569667058346,2.4828911965957214,20.497257403358077,0.2652673465931841,0.05090247982006524,0.0,-1.409967245331783,3.204537568216285,5.633808311813658,0.13130495344515777,0.015405663483926517,0.0,448.2255625122141,448.41659254579514,446.5018649654237,448.16363481858286
3.4200000000000026,-1.8172631662934169,2.6794916595551737,20.833878286572705,0.27342269078656667,0.05186769827369542,0.0,-1.4403258876563947,3.349376921965323,5.586681823865193,0.1438388282994653,0.01741585432486243,0.0,434.3275918280094,434.4961059975321,433.3015362094256,434.37163986382967
3.4800000000000026,-1.9046528828101676,2.8851283746257237,21.168435187433246,0.2821477402197061,0.05307333914543744,0.0,-1.4727618884145224,3.5057788962488705,5.564814468397572,0.1483979468504865,0.024973881916219073,0.0,442.54010858371623,443.1619134705807,443.0408171290783,443.4354106318317
3.5400000000000027,-1.9939585349012083,3.099995364439377,21.50065266568029,0.2909815237085782,0.05470765513922515,0.0,-1.5042288904635448,3.6570639602877604,5.508869837040855,0.14478759608801745,0.03142101433538833,0.0,431.59062698683533,432.1347602017611,433.4127241480995,433.13003234839226
3.6000000000000028,-2.0853494604574347,3.32493900997232,21.83238117347025,0.2997957152672086,0.05640471356984733,0.0,-1.5422842152622942,3.841603991696016,5.547918279200834,0.15082568449166056,0.02112927281555922,0.0,464.36383251610863,463.555799488892,464.2358577476738,464.7286647303058
3.660000000000003,-2.17903418467133,3.5609853418511865,22.16602235693436,0.3088306859357761,0.05727095782518532,0.0,-1.5806254411490577,4.027166802503948,5.572674118175103,0.15009330353618996,-0.004360448269728947,0.0,463.02334394272464,461.0131357768851,460.9176824467952,460.88022958166624
3.720000000000003,-2.2748931895048647,3.8075661265679677,22.49877349555586,0.31829768298987204,0.056709536122291127,0.0,-1.6146529445402646,4.192795868985699,5.518717724874766,0.1698825713752531,-0.021919571348077226,0.0,437.8803547990652,436.41691284915345,436.57845678852595,438.2505862758171
3.780000000000003,-2.372725102124058,4.0638863929565625,22.827236817683815,0.3288369105857356,0.055677560762884326,0.0,-1.6463439314197061,4.35190542292175,5.429904884214859,0.18522071656152628,-0.009124474236718399,0.0,425.40672575303523,426.50127254925553,425.54726742581556,426.88942158629834
3.840000000000003,-2.472679273862838,4.331243845545218,23.15425612308176,0.3402508511166129,0.054754997437196806,0.0,-1.6853694393337462,4.56070631224076,5.46968753562974,0.19872216017440797,-0.03238853925575584,0.0,469.8351418972718,468.0276283488039,469.0600162532113,470.1404751176134
3.900000000000003,-2.575008140908376,4.611648810951492,23.48449986508512,0.35205997477779505,0.052302432969518975,0.0,-1.7253479460739674,4.786840343278745,5.537138934765254,0.19271808251180428,-0.06903556828341188,0.0,482.03687885673963,479.25781510861145,480.0359007670365,479.6146791191565
3.960000000000003,-2.6798276715304667,4.9068166607560375,23.82138255774244,0.3634027332596155,0.04785236670010917,0.0,-1.768089010790491,5.052682257640748,5.690387498286486,0.18046312501068987,-0.08716401572135575,0.0,509.7116615353929,508.4105110502555,509.1783313684415,508.33035819069283
4.020000000000002,-2.786964266792084,5.2170643682661435,24.164512419124993,0.3739133379578208,0.04242476086635261,0.0,-1.8025813905190575,5.2894477876567105,5.7460241107785555,0.16168310960291188,-0.09803126520657224,0.0,483.9421957774298,483.1171192549139,483.29034287640576,481.8990353672533
4.080000000000001,-2.895693363224562,5.538405553608741,24.50258705999008,0.38430513348001316,0.03649918806855723,0.0,-1.82145731072046,5.422660405037939,5.523813279892314,0.1896696469346263,-0.10025618410362894,0.0,390.64301217677166,390.4255536689147,387.07026836734593,389.72874224636473
4.14,-3.00562095313137,5.86918083943894,24.83062341935714,0.3957670670487037,0.030474478947657424,0.0,-1.8423854964644946,5.603876879087203,5.410562789618108,0.19362290099508003,-0.10072466582989338,0.0,428.1829710541563,428.13398117487895,428.50951187062117,428.8825118091939
4.199999999999998,-3.1167915565813438,6.211899008206461,25.15404002879012,0.40712848339626095,0.02463994833177363,0.0,-1.862811391627189,5.820668871576651,5.369274503231671,0.17907729438243977,-0.0910604882427322,0.0,453.30451289187255,454.0727348955292,454.44268013255424,453.3088168881104
4.259999999999997,-3.2290194470938345,6.566516681492309,25.472014238823938,0.41756989478322737,0.019306973494287227,0.0,-1.877773648472633,6.000536499374165,5.229844282097987,0.16129943761201107,-0.08485189576353082,0.0,420.39895508584266,420.9296586656052,422.0992551910699,420.5924540123909
4.319999999999996,-3.342183602701564,6.934395804594694,25.786894058310477,0.42743350491353915,0.014803099313723145,0.0,-1.893904457238278,6.262388247237638,5.264905099008792,0.16995013725815789,-0.06045819604436921,0.0,479.4368668834092,481.2829517660977,480.68643502690855,481.36516029454435
4.379999999999995,-3.4562106695680774,7.317414356294336,26.102245705961785,0.4377213895793943,0.010884127345275552,0.0,-1.9066722507467095,6.505255735954368,5.245866995032182,0.17432992379687537,-0.07742580527858209,0.0,466.4006244382663,465.07011371472163,465.64496952951765,466.0142720338742
4.439999999999993,-3.5709645137616093,7.716430021704626,26.419138541527794,0.4478053457837481,0.006666910140666893,0.0,-1.918004930291568,6.795450307183336,5.315577515243715,0.15103881077726247,-0.05888157804463648,0.0,495.82968992011826,497.1872188874514,497.4669736189203,495.7815131581005
4.499999999999992,-3.6862897384388584,8.131021988361281,26.73603139417631,0.4564209883563741,0.003398662614764625,0.0,-1.9259073243473475,7.024540784715023,5.246924875270567,0.12141378752478302,-0.04685724437083979,0.0,453.9145052107432,454.87678575962366,456.00130709298446,453.6460137991765
4.559999999999991,-3.802054888948855,8.56161812590954,27.053192197311898,0.4644400149198278,0.0009192555088928245,0.0,-1.932663291912716,7.328464524563162,5.323458839901428,0.15087148952446147,-0.032078600271883036,0.0,502.80030502538375,503.8694012691914,502.4642037314906,504.6094540407876
4.6199999999999894,-3.9181747648865697,9.008052517872567,27.36989834848344,0.4747081015592567,6.2817993983751155,0.0,-1.9378489817982294,7.5529795301633555,5.232845523971446,0.19522605767478707,-0.05577702667307146,0.0,453.51563357127657,451.60668029609263,449.695514466916,453.3011160419269
4.679999999999988,-4.034566173746384,9.468422010842081,27.681801279562734,0.48707286129301597,6.278267694301656,0.0,-1.941601411822394,7.793062503894682,5.163007505505697,0.22184882296084868,-0.06587859940405276,0.0,461.2704246193633,460.46942460066606,459.59042755002673,461.7356413670308
4.739999999999987,-4.151135887080385,9.942509132474191,27.98787263411058,0.5003763953162856,6.274546596303882,0.0,-1.9437947721460664,8.010380064161765,5.038774365038977,0.2214783770509497,-0.05524351551365726,0.0,443.50706152441467,444.37719726321916,443.7060239603606,443.72439341362184
4.799999999999986,-4.267823705517066,10.427852367734873,28.282932317953307,0.5139856769292672,6.271151434702588,0.0,-1.9456282646383087,8.168462080061527,4.796865015278706,0.23578358155071266,-0.059414892291856036,0.0,400.6835221800251,400.30138420743293,399.8575620344361,401.21607440884077
4.859999999999984,-4.384526813469929,10.925133521452857,28.567590407837134,0.5279763452429469,6.267086984454927,0.0,-1.9442131007617385,8.408033289027891,4.690834262803176,0.2273902923993125,-0.09483461391304346,0.0,452.8210207309842,449.95779417465883,452.10433042008236,451.4804611502482
4.919999999999983,-4.501104536664992,11.436182318935932,28.84452165398133,0.5421932616366893,6.261184417587847,0.0,-1.9413363594834074,8.627436563349066,4.539662266216777,0.251278046142889,-0.10660804655001395,0.0,437.63403172953934,436.64402811166116,436.16467571628453,438.21201430915534
4.979999999999982,-4.617344339426088,11.962437858544783,29.115458539586925,0.5571811115768881,6.254800869444299,0.0,-1.9328193612167868,8.914712698324154,4.490009430901545,0.24666567119701846,-0.10596512369628776,0.0,474.71870414541735,474.75892821126183,476.1307712471612,475.8356719588558
5.0399999999999805,-4.73305842178055,12.504436778374856,29.380633123522802,0.5717732767392381,6.248301538613017,0.0,-1.9238948471544997,9.152344099831517,4.348346386102654,0.23519660318512575,-0.11350574721388919,0.0,447.5612974190753,446.9366357252928,444.83379587024297,443.9523131262148
