,episodio,recompensa,distancia,pX,pY,pZ
0,1,24165,65.0,133.0,150.0,75.0
1,2,26028,63.0,63.0,150.0,91.0
2,3,12740,91.0,150.0,100.0,24.0
3,4,22316,69.0,150.0,118.0,56.0
4,5,-100000000,101.0,111.0,109.0,0.0
5,6,15369,81.0,34.0,115.0,144.0
6,7,12438,90.0,67.0,42.0,161.0
7,8,12820,89.0,49.0,68.0,166.0
8,9,61496,41.0,137.0,98.0,118.0
9,10,28410,60.0,76.0,150.0,122.0
10,11,24947,64.0,68.0,104.0,155.0
11,12,88279,34.0,120.0,124.0,113.0
12,13,48674,46.0,93.0,145.0,109.0
13,14,10853,97.0,83.0,18.0,149.0
14,15,55820,43.0,127.0,96.0,133.0
15,16,45932,47.0,98.0,105.0,147.0
16,17,46595,47.0,96.0,112.0,145.0
17,18,17313,76.0,42.0,125.0,143.0
18,19,47258,46.0,115.0,143.0,108.0
19,20,1265,324.0,-150.0,150.0,300.0
20,21,22956,66.0,133.0,106.0,43.0
21,22,38446,51.0,150.0,92.0,103.0
22,23,24934,63.0,150.0,71.0,75.0
23,24,27476,61.0,150.0,70.0,83.0
24,25,26587,61.0,150.0,66.0,93.0
25,26,8574,109.0,150.0,92.0,3.0
26,27,1078189,9.0,108.0,96.0,97.0
27,28,50896,45.0,130.0,96.0,67.0
28,29,694444,12.0,90.0,96.0,106.0
29,30,694444,12.0,89.0,96.0,102.0
30,31,1156378,10.0,92.0,96.0,104.0
31,32,6250000,4.0,99.0,96.0,101.0
32,33,65746,39.0,129.0,96.0,74.0
33,34,42233,49.0,51.0,96.0,101.0
34,35,69252,38.0,128.0,96.0,74.0
35,36,564545,14.0,112.0,96.0,95.0
36,37,25468,63.0,37.0,96.0,99.0
37,38,36982,52.0,49.0,96.0,106.0
38,39,826446,11.0,110.0,96.0,96.0
39,40,1881377,8.0,96.0,96.0,105.0
40,41,4000000,5.0,102.0,96.0,102.0
41,42,160000,25.0,77.0,96.0,110.0
42,43,111111,30.0,124.0,96.0,82.0
43,44,782445,12.0,111.0,96.0,96.0
44,45,144344,26.0,121.0,96.0,85.0
45,46,738445,11.0,92.0,96.0,107.0
46,47,160000,25.0,77.0,96.0,110.0
47,48,1234567,9.0,108.0,96.0,97.0
48,49,242252,21.0,118.0,96.0,90.0
49,50,66914,39.0,63.0,96.0,112.0
50,51,4000000,5.0,102.0,96.0,102.0
51,52,104058,31.0,124.0,96.0,80.0
52,53,287552,19.0,114.0,96.0,88.0
53,54,4000000,5.0,102.0,96.0,102.0
54,55,333561,18.0,85.0,96.0,109.0
55,56,133966,27.0,121.0,96.0,83.0
56,57,1721938,8.0,96.0,96.0,105.0
57,58,2040816,7.0,106.0,96.0,100.0
58,59,1156378,10.0,109.0,96.0,97.0
59,60,108760,31.0,125.0,96.0,82.0
60,61,738445,12.0,110.0,96.0,95.0
61,62,1000000,10.0,93.0,96.0,106.0
62,63,444444,15.0,88.0,96.0,108.0
63,64,189035,23.0,119.0,96.0,87.0
64,65,1234567,9.0,94.0,96.0,106.0
65,66,111111,30.0,124.0,96.0,83.0
66,67,1000000,10.0,109.0,96.0,98.0
67,68,59488,41.0,60.0,96.0,110.0
68,69,22059,68.0,32.0,96.0,96.0
69,70,1562500,8.0,95.0,96.0,105.0
70,71,55820,43.0,58.0,96.0,110.0
71,72,35599,53.0,131.0,96.0,57.0
72,73,346020,17.0,86.0,96.0,109.0
73,74,826446,11.0,110.0,96.0,97.0
74,75,6250000,4.0,100.0,96.0,102.0
75,76,510204,14.0,112.0,96.0,95.0
76,77,1562500,8.0,96.0,96.0,105.0
77,78,408564,16.0,87.0,96.0,108.0
78,79,49382,45.0,127.0,96.0,64.0
79,80,4000000,5.0,100.0,96.0,103.0
80,81,20027,71.0,30.0,96.0,92.0
81,82,4000000,5.0,100.0,96.0,103.0
82,83,782445,12.0,111.0,96.0,96.0
83,84,360888,17.0,115.0,96.0,93.0
84,85,2777777,6.0,105.0,96.0,100.0
85,86,3592592,6.0,99.0,96.0,104.0
86,87,121787,29.0,121.0,96.0,81.0
87,88,81632,35.0,67.0,96.0,111.0
88,89,33881,55.0,45.0,96.0,104.0
89,90,1234567,9.0,108.0,96.0,98.0
90,91,66914,39.0,126.0,96.0,71.0
91,92,75789,37.0,126.0,96.0,74.0
92,93,38446,51.0,129.0,96.0,58.0
93,94,277008,19.0,84.0,96.0,109.0
94,95,173611,24.0,78.0,96.0,110.0
95,96,321101,18.0,85.0,96.0,109.0
96,97,1078189,10.0,93.0,96.0,106.0
97,98,1562500,8.0,95.0,96.0,105.0
98,99,2532123,7.0,97.0,96.0,105.0
99,100,66914,39.0,128.0,96.0,73.0
100,101,90053,34.0,67.0,96.0,107.0
101,102,164537,25.0,118.0,96.0,83.0
102,103,220042,22.0,115.0,96.0,85.0
103,104,268005,20.0,117.0,96.0,91.0
104,105,33469,55.0,45.0,96.0,101.0
105,106,45269,47.0,54.0,96.0,107.0
106,107,27175,61.0,40.0,96.0,90.0
107,108,250000,20.0,117.0,96.0,91.0
108,109,133966,28.0,120.0,96.0,81.0
109,110,826446,11.0,110.0,96.0,96.0
110,111,42818,49.0,134.0,96.0,65.0
111,112,41649,49.0,52.0,96.0,109.0
112,113,782445,11.0,92.0,96.0,107.0
113,114,34728,54.0,46.0,96.0,102.0
114,115,268005,19.0,84.0,96.0,109.0
115,116,73152,38.0,125.0,96.0,72.0
116,117,97656,32.0,70.0,96.0,110.0
117,118,206611,22.0,80.0,96.0,108.0
118,119,45269,47.0,131.0,96.0,65.0
119,120,91827,33.0,70.0,96.0,112.0
120,121,826446,11.0,92.0,96.0,106.0
121,122,127551,28.0,74.0,96.0,110.0
122,123,1721938,8.0,107.0,96.0,99.0
123,124,226757,21.0,80.0,96.0,106.0
124,125,242252,21.0,82.0,96.0,109.0
125,126,169074,25.0,119.0,96.0,84.0
126,127,4750000,5.0,102.0,96.0,102.0
127,128,4000000,5.0,102.0,96.0,102.0
128,129,36982,52.0,49.0,96.0,106.0
129,130,74417,37.0,64.0,96.0,109.0
130,131,104058,31.0,123.0,96.0,79.0
131,132,77160,36.0,127.0,96.0,76.0
132,133,4000000,5.0,101.0,96.0,102.0
133,134,220042,22.0,81.0,96.0,110.0
134,135,147928,26.0,121.0,96.0,85.0
135,136,106409,31.0,122.0,96.0,79.0
136,137,2777777,6.0,98.0,96.0,104.0
137,138,124669,29.0,74.0,96.0,111.0
138,139,173611,24.0,78.0,96.0,110.0
139,140,62500,40.0,61.0,96.0,107.0
140,141,321101,18.0,115.0,96.0,91.0
141,142,88279,34.0,68.0,96.0,111.0
142,143,1156378,10.0,108.0,96.0,96.0
143,144,390625,16.0,113.0,96.0,91.0
144,145,133966,28.0,122.0,96.0,83.0
145,146,121787,29.0,72.0,96.0,108.0
146,147,390625,16.0,87.0,96.0,108.0
147,148,113709,30.0,124.0,96.0,83.0
148,149,31518,57.0,43.0,96.0,103.0
149,150,1234567,9.0,95.0,96.0,106.0
150,151,268005,19.0,117.0,96.0,92.0
151,152,42818,49.0,51.0,96.0,103.0
152,153,1343878,9.0,108.0,96.0,99.0
153,154,1234567,9.0,105.0,96.0,94.0
154,155,4000000,5.0,103.0,96.0,102.0
155,156,78651,36.0,125.0,96.0,75.0
156,157,782445,12.0,109.0,96.0,94.0
157,158,61496,41.0,128.0,96.0,71.0
158,159,2286470,7.0,106.0,96.0,99.0
159,160,1234567,9.0,94.0,96.0,106.0
160,161,74524,38.0,124.0,96.0,71.0
161,162,47258,46.0,54.0,96.0,105.0
162,163,69252,38.0,127.0,96.0,73.0
163,164,133966,28.0,74.0,96.0,110.0
164,165,1000000,10.0,93.0,96.0,106.0
165,166,144344,27.0,75.0,96.0,109.0
166,167,1234567,9.0,94.0,96.0,106.0
167,168,633030,14.0,88.0,96.0,105.0
168,169,32277,56.0,45.0,96.0,109.0
169,170,346020,17.0,85.0,96.0,108.0
170,171,99790,32.0,124.0,96.0,79.0
171,172,3592592,6.0,104.0,96.0,101.0
172,173,12255,91.0,14.0,96.0,71.0
173,174,4000000,5.0,102.0,96.0,102.0
174,175,37958,52.0,129.0,96.0,57.0
175,176,1234567,9.0,94.0,96.0,106.0
176,177,40549,50.0,51.0,96.0,106.0
177,178,444444,15.0,87.0,96.0,107.0
178,179,65746,39.0,62.0,96.0,110.0
179,180,30778,57.0,44.0,96.0,108.0
180,181,93770,33.0,123.0,96.0,77.0
181,182,2286470,7.0,105.0,96.0,98.0
182,183,1000000,10.0,92.0,96.0,105.0
183,184,226757,21.0,81.0,96.0,108.0
184,185,537374,14.0,88.0,96.0,106.0
185,186,1078189,10.0,93.0,96.0,106.0
186,187,3592592,6.0,99.0,96.0,104.0
187,188,40549,50.0,50.0,96.0,101.0
188,189,277008,19.0,82.0,96.0,106.0
189,190,97656,32.0,70.0,96.0,111.0
190,191,321101,17.0,115.0,96.0,92.0
191,192,1721938,8.0,107.0,96.0,98.0
192,193,63582,40.0,127.0,96.0,71.0
193,194,104058,31.0,71.0,96.0,111.0
194,195,510204,14.0,89.0,96.0,108.0
195,196,137551,28.0,75.0,96.0,111.0
196,197,3592592,6.0,104.0,96.0,101.0
197,198,346020,17.0,86.0,96.0,109.0
198,199,4000000,5.0,98.0,96.0,103.0
199,200,1000000,10.0,93.0,96.0,106.0
200,201,3592592,6.0,99.0,96.0,104.0
201,202,57622,42.0,58.0,96.0,104.0
202,203,2040816,7.0,96.0,96.0,104.0
203,204,36060,53.0,130.0,96.0,56.0
204,205,51652,44.0,128.0,96.0,66.0
205,206,694444,12.0,110.0,96.0,95.0
206,207,390625,16.0,114.0,96.0,93.0
207,208,147928,26.0,122.0,96.0,86.0
208,209,36060,53.0,47.0,96.0,104.0
209,210,50139,45.0,129.0,96.0,66.0
210,211,375756,17.0,115.0,96.0,93.0
211,212,95713,33.0,125.0,96.0,79.0
212,213,189035,23.0,119.0,96.0,87.0
213,214,782445,11.0,92.0,96.0,107.0
214,215,104058,31.0,71.0,96.0,111.0
215,216,4000000,5.0,101.0,96.0,103.0
216,217,1562500,8.0,95.0,96.0,105.0
217,218,390625,16.0,86.0,96.0,107.0
218,219,68083,39.0,127.0,96.0,72.0
219,220,78651,36.0,66.0,96.0,111.0
220,221,251255,21.0,82.0,96.0,109.0
221,222,69252,38.0,64.0,96.0,110.0
222,223,73046,37.0,65.0,96.0,112.0
223,224,2777777,6.0,98.0,96.0,104.0
224,225,41649,49.0,52.0,96.0,109.0
225,226,234504,21.0,116.0,96.0,87.0
226,227,1562500,8.0,106.0,96.0,97.0
227,228,164537,25.0,78.0,96.0,111.0
228,229,22059,68.0,32.0,96.0,94.0
229,230,70516,38.0,125.0,96.0,72.0
230,231,510204,14.0,88.0,96.0,107.0
231,232,183894,23.0,119.0,96.0,87.0
232,233,660201,13.0,110.0,96.0,93.0
233,234,62500,40.0,61.0,96.0,110.0
234,235,2777777,6.0,105.0,96.0,100.0
235,236,591715,13.0,90.0,96.0,108.0
236,237,104058,31.0,71.0,96.0,111.0
237,238,36982,52.0,49.0,96.0,108.0
238,239,2286470,7.0,97.0,96.0,105.0
239,240,41684,50.0,129.0,96.0,60.0
240,241,30077,58.0,132.0,96.0,52.0
241,242,250000,20.0,83.0,96.0,109.0
242,243,200753,23.0,117.0,96.0,85.0
243,244,45932,47.0,131.0,96.0,65.0
244,245,75789,37.0,64.0,96.0,109.0
245,246,5500000,5.0,101.0,96.0,102.0
246,247,63582,40.0,129.0,96.0,73.0
247,248,2040816,7.0,106.0,96.0,99.0
248,249,31887,56.0,135.0,96.0,56.0
249,250,200753,23.0,79.0,96.0,108.0
250,251,333561,17.0,114.0,96.0,91.0
251,252,137174,27.0,75.0,96.0,110.0
252,253,1881377,8.0,96.0,96.0,105.0
253,254,308641,18.0,85.0,96.0,109.0
254,255,346020,17.0,115.0,96.0,92.0
255,256,2777777,6.0,104.0,96.0,101.0
256,257,178752,24.0,120.0,96.0,87.0
257,258,308641,18.0,85.0,96.0,110.0
258,259,1453189,8.0,95.0,96.0,105.0
259,260,346020,17.0,85.0,96.0,108.0
260,261,84881,35.0,67.0,96.0,111.0
261,262,47258,46.0,55.0,96.0,111.0
262,263,118906,29.0,73.0,96.0,111.0
263,264,444444,15.0,86.0,96.0,105.0
264,265,130758,28.0,123.0,96.0,84.0
265,266,14286,84.0,18.0,96.0,84.0
266,267,444444,15.0,88.0,96.0,108.0
267,268,66914,39.0,62.0,96.0,106.0
268,269,1234567,9.0,94.0,96.0,105.0
269,270,4000000,5.0,102.0,96.0,102.0
270,271,54083,43.0,129.0,96.0,68.0
271,272,2286470,7.0,106.0,96.0,99.0
272,273,127551,28.0,75.0,96.0,112.0
273,274,259002,20.0,116.0,96.0,89.0
274,275,169074,25.0,119.0,96.0,85.0
275,276,660201,13.0,111.0,96.0,95.0
276,277,1453189,9.0,108.0,96.0,98.0
277,278,46595,47.0,132.0,96.0,66.0
278,279,1562500,8.0,95.0,96.0,105.0
279,280,346020,17.0,86.0,96.0,109.0
280,281,22730,67.0,33.0,96.0,94.0
281,282,826446,11.0,92.0,96.0,107.0
282,283,1562500,8.0,96.0,96.0,105.0
283,284,1234567,9.0,94.0,96.0,106.0
284,285,133966,28.0,74.0,96.0,109.0
285,286,183894,24.0,79.0,96.0,110.0
286,287,42233,49.0,130.0,96.0,61.0
287,288,408564,16.0,114.0,96.0,93.0
288,289,510204,14.0,88.0,96.0,107.0
289,290,108760,31.0,124.0,96.0,81.0
290,291,625958,13.0,112.0,96.0,96.0
291,292,116307,30.0,124.0,96.0,83.0
292,293,226757,21.0,81.0,96.0,109.0
293,294,444444,15.0,113.0,96.0,93.0
294,295,35164,54.0,47.0,96.0,108.0
295,296,173611,24.0,79.0,96.0,110.0
296,297,942148,11.0,109.0,96.0,96.0
297,298,173611,24.0,78.0,96.0,110.0
298,299,160000,25.0,77.0,96.0,109.0
299,300,826446,11.0,110.0,96.0,97.0
300,301,4750000,5.0,102.0,96.0,101.0
301,302,250000,20.0,116.0,96.0,88.0
302,303,151952,25.0,121.0,96.0,87.0
303,304,333561,18.0,116.0,96.0,93.0
304,305,1156378,9.0,94.0,96.0,106.0
305,306,113709,30.0,71.0,96.0,108.0
306,307,86505,34.0,67.0,96.0,108.0
307,308,346020,17.0,114.0,96.0,91.0
308,309,1453189,9.0,95.0,96.0,106.0
309,310,466364,15.0,112.0,96.0,92.0
310,311,206611,22.0,116.0,96.0,85.0
311,312,118906,29.0,74.0,96.0,111.0
312,313,207468,23.0,80.0,96.0,110.0
313,314,24934,64.0,36.0,96.0,94.0
314,315,61496,41.0,59.0,96.0,104.0
315,316,4000000,5.0,99.0,96.0,103.0
316,317,298097,19.0,114.0,96.0,88.0
317,318,80141,36.0,127.0,96.0,77.0
318,319,346020,17.0,86.0,96.0,108.0
319,320,63582,40.0,62.0,96.0,111.0
320,321,36982,52.0,48.0,96.0,106.0
321,322,782445,12.0,111.0,96.0,96.0
322,323,942148,11.0,110.0,96.0,97.0
323,324,56689,42.0,59.0,96.0,109.0
324,325,3185185,6.0,98.0,96.0,104.0
325,326,308641,18.0,115.0,96.0,90.0
326,327,91827,33.0,123.0,96.0,76.0
327,328,59488,41.0,130.0,96.0,72.0
328,329,346020,17.0,85.0,96.0,108.0
329,330,346020,17.0,86.0,96.0,108.0
330,331,1453189,9.0,95.0,96.0,106.0
331,332,60492,41.0,60.0,96.0,105.0
332,333,4000000,5.0,102.0,96.0,101.0
333,334,466364,15.0,113.0,96.0,94.0
334,335,69252,38.0,64.0,96.0,112.0
335,336,426504,15.0,113.0,96.0,93.0
336,337,6250000,4.0,100.0,96.0,102.0
337,338,4000000,5.0,101.0,96.0,103.0
338,339,1078189,10.0,93.0,96.0,106.0
339,340,54083,43.0,58.0,96.0,108.0
340,341,4750000,5.0,100.0,96.0,103.0
341,342,2040816,7.0,105.0,96.0,98.0
342,343,2286470,7.0,96.0,96.0,104.0
343,344,277008,19.0,84.0,96.0,110.0
344,345,73046,37.0,65.0,96.0,111.0
345,346,308641,18.0,84.0,96.0,108.0
346,347,29060,59.0,41.0,96.0,101.0
347,348,537374,14.0,112.0,96.0,95.0
348,349,70516,38.0,64.0,96.0,110.0
349,350,61496,41.0,60.0,96.0,109.0
350,351,346020,17.0,113.0,96.0,89.0
351,352,40549,50.0,50.0,96.0,100.0
352,353,2777777,6.0,98.0,96.0,104.0
353,354,884297,11.0,109.0,96.0,96.0
354,355,4000000,5.0,103.0,96.0,101.0
355,356,1453189,9.0,107.0,96.0,97.0
356,357,444444,15.0,89.0,96.0,109.0
357,358,29726,58.0,42.0,96.0,103.0
358,359,118906,29.0,73.0,96.0,111.0
359,360,1343878,9.0,94.0,96.0,105.0
360,361,2040816,7.0,106.0,96.0,100.0
361,362,173611,24.0,78.0,96.0,110.0
362,363,58555,42.0,127.0,96.0,68.0
363,364,226757,21.0,81.0,96.0,109.0
364,365,34728,54.0,133.0,96.0,58.0
365,366,591715,13.0,90.0,96.0,107.0
366,367,220042,22.0,119.0,96.0,89.0
367,368,591715,13.0,90.0,96.0,108.0
368,369,183894,24.0,120.0,96.0,87.0
369,370,488284,15.0,88.0,96.0,108.0
370,371,118906,29.0,124.0,96.0,84.0
371,372,59488,41.0,128.0,96.0,70.0
372,373,268005,20.0,83.0,96.0,109.0
373,374,1562500,8.0,95.0,96.0,105.0
374,375,45269,47.0,54.0,96.0,108.0
375,376,189035,23.0,118.0,96.0,87.0
376,377,47966,46.0,55.0,96.0,109.0
377,378,1562500,8.0,96.0,96.0,105.0
378,379,4750000,5.0,103.0,96.0,101.0
379,380,121787,29.0,121.0,96.0,81.0
380,381,59488,41.0,61.0,96.0,111.0
381,382,60492,41.0,60.0,96.0,108.0
382,383,111111,30.0,124.0,96.0,83.0
383,384,69252,38.0,127.0,96.0,74.0
384,385,195611,24.0,79.0,96.0,110.0
385,386,101924,32.0,70.0,96.0,111.0
386,387,97656,32.0,70.0,96.0,111.0
387,388,70516,38.0,127.0,96.0,74.0
388,389,101924,32.0,71.0,96.0,112.0
389,390,169074,25.0,119.0,96.0,84.0
390,391,37958,52.0,48.0,96.0,106.0
391,392,113709,30.0,71.0,96.0,108.0
392,393,30077,58.0,42.0,96.0,102.0
393,394,38964,51.0,50.0,96.0,108.0
394,395,259002,19.0,84.0,96.0,110.0
395,396,37470,52.0,48.0,96.0,104.0
396,397,390625,16.0,113.0,96.0,92.0
397,398,942148,11.0,92.0,96.0,106.0
398,399,1234567,9.0,108.0,96.0,98.0
399,400,298097,19.0,84.0,96.0,109.0
400,401,56753,43.0,58.0,96.0,106.0
401,402,77160,36.0,126.0,96.0,75.0
402,403,78651,36.0,125.0,96.0,75.0
403,404,86505,34.0,67.0,96.0,109.0
404,405,1562500,8.0,107.0,96.0,99.0
405,406,104275,32.0,70.0,96.0,109.0
406,407,2777777,6.0,104.0,96.0,101.0
407,408,226757,21.0,82.0,96.0,110.0
408,409,466364,15.0,112.0,96.0,92.0
409,410,3592592,6.0,100.0,96.0,104.0
410,411,308641,18.0,85.0,96.0,109.0
411,412,1562500,8.0,96.0,96.0,105.0
412,413,277008,19.0,116.0,96.0,90.0
413,414,32667,56.0,130.0,96.0,53.0
414,415,3592592,6.0,100.0,96.0,104.0
415,416,14634,83.0,19.0,96.0,82.0
416,417,1234567,9.0,108.0,96.0,98.0
417,418,4750000,5.0,103.0,96.0,101.0
418,419,97656,32.0,70.0,96.0,110.0
419,420,137174,27.0,75.0,96.0,109.0
420,421,308641,18.0,84.0,96.0,108.0
421,422,826446,11.0,92.0,96.0,107.0
422,423,27492,61.0,131.0,96.0,48.0
423,424,826446,11.0,93.0,96.0,107.0
424,425,6250000,4.0,102.0,96.0,100.0
425,426,591715,13.0,111.0,96.0,94.0
426,427,60492,41.0,130.0,96.0,73.0
427,428,694444,12.0,111.0,96.0,96.0
428,429,35164,54.0,46.0,96.0,104.0
429,430,88279,34.0,124.0,96.0,76.0
430,431,510204,14.0,87.0,96.0,105.0
431,432,137174,27.0,75.0,96.0,110.0
432,433,155976,26.0,119.0,96.0,83.0
433,434,183894,23.0,119.0,96.0,87.0
434,435,54083,43.0,58.0,96.0,108.0
435,436,510204,14.0,112.0,96.0,95.0
436,437,97656,32.0,70.0,96.0,111.0
437,438,32277,56.0,44.0,96.0,100.0
438,439,226757,21.0,82.0,96.0,110.0
439,440,65746,39.0,62.0,96.0,110.0
440,441,1234567,9.0,108.0,96.0,98.0
441,442,37958,52.0,49.0,96.0,106.0
442,443,194894,23.0,79.0,96.0,108.0
443,444,1562500,8.0,107.0,96.0,99.0
444,445,160000,25.0,120.0,96.0,85.0
445,446,64664,40.0,61.0,96.0,109.0
446,447,137174,27.0,118.0,96.0,80.0
447,448,49382,45.0,127.0,96.0,64.0
448,449,250000,20.0,117.0,96.0,90.0
449,450,38964,51.0,50.0,96.0,107.0
450,451,63582,40.0,127.0,96.0,71.0
451,452,2777777,6.0,98.0,96.0,104.0
452,453,4000000,5.0,103.0,96.0,102.0
453,454,782445,12.0,111.0,96.0,96.0
454,455,106409,31.0,70.0,96.0,107.0
455,456,564545,13.0,90.0,96.0,108.0
456,457,178752,24.0,120.0,96.0,88.0
457,458,47966,46.0,54.0,96.0,105.0
458,459,660201,13.0,111.0,96.0,94.0
459,460,694444,12.0,91.0,96.0,107.0
460,461,29726,58.0,42.0,96.0,103.0
461,462,66914,39.0,63.0,96.0,111.0
462,463,2777777,6.0,98.0,96.0,104.0
463,464,42818,49.0,129.0,96.0,61.0
464,465,127551,28.0,74.0,96.0,110.0
465,466,104058,31.0,123.0,96.0,79.0
466,467,1234567,9.0,94.0,96.0,106.0
467,468,360888,17.0,113.0,96.0,90.0
468,469,3185185,6.0,104.0,96.0,100.0
469,470,4000000,5.0,102.0,96.0,102.0
470,471,194894,23.0,79.0,96.0,108.0
471,472,124669,29.0,74.0,96.0,111.0
472,473,1234567,9.0,108.0,96.0,98.0
473,474,47966,46.0,128.0,96.0,64.0
474,475,4000000,5.0,99.0,96.0,103.0
475,476,466364,15.0,88.0,96.0,108.0
476,477,71781,38.0,63.0,96.0,109.0
477,478,694444,12.0,110.0,96.0,94.0
478,479,2532123,7.0,98.0,96.0,105.0
479,480,1453189,9.0,95.0,96.0,106.0
480,481,3592592,6.0,104.0,96.0,101.0
481,482,21843,68.0,32.0,96.0,100.0
482,483,173611,24.0,77.0,96.0,107.0
483,484,55820,43.0,58.0,96.0,108.0
484,485,99790,32.0,71.0,96.0,112.0
485,486,2777777,6.0,105.0,96.0,100.0
486,487,55820,43.0,129.0,96.0,69.0
487,488,81632,35.0,67.0,96.0,111.0
488,489,43402,48.0,53.0,96.0,108.0
489,490,31148,57.0,43.0,96.0,103.0
490,491,137174,27.0,75.0,96.0,110.0
491,492,66914,39.0,127.0,96.0,72.0
492,493,45932,47.0,128.0,96.0,62.0
493,494,69252,38.0,63.0,96.0,109.0
494,495,80141,36.0,65.0,96.0,109.0
495,496,884297,11.0,93.0,96.0,107.0
496,497,57622,42.0,127.0,96.0,68.0
497,498,137174,27.0,75.0,96.0,110.0
498,499,5500000,5.0,100.0,96.0,103.0
499,500,200753,23.0,119.0,96.0,88.0
500,501,88279,34.0,122.0,96.0,75.0
501,502,2532123,7.0,97.0,96.0,105.0
502,503,308641,18.0,83.0,96.0,106.0
503,504,390625,16.0,87.0,96.0,109.0
504,505,3185185,6.0,104.0,96.0,101.0
505,506,1234567,9.0,94.0,96.0,106.0
506,507,66914,39.0,62.0,96.0,108.0
507,508,124669,29.0,72.0,96.0,106.0
508,509,36982,52.0,48.0,96.0,104.0
509,510,694444,12.0,91.0,96.0,107.0
510,511,1234567,9.0,94.0,96.0,106.0
511,512,91827,33.0,69.0,96.0,112.0
512,513,93770,33.0,125.0,96.0,79.0
513,514,308641,18.0,116.0,96.0,92.0
514,515,130758,28.0,123.0,96.0,84.0
515,516,2777777,6.0,104.0,96.0,101.0
516,517,66914,39.0,63.0,96.0,110.0
517,518,104058,31.0,70.0,96.0,107.0
518,519,250000,20.0,83.0,96.0,110.0
519,520,38476,52.0,49.0,96.0,106.0
520,521,58555,42.0,130.0,96.0,71.0
521,522,160000,25.0,120.0,96.0,86.0
522,523,183894,24.0,118.0,96.0,85.0
523,524,308641,18.0,116.0,96.0,92.0
524,525,69252,38.0,128.0,96.0,74.0
525,526,242252,21.0,82.0,96.0,109.0
526,527,127551,28.0,119.0,96.0,80.0
527,528,29393,59.0,41.0,96.0,103.0
528,529,826446,11.0,110.0,96.0,96.0
529,530,86505,34.0,68.0,96.0,112.0
530,531,234504,21.0,118.0,96.0,90.0
531,532,75789,37.0,124.0,96.0,72.0
532,533,140759,27.0,122.0,96.0,85.0
533,534,346020,17.0,85.0,96.0,108.0
534,535,189035,23.0,119.0,96.0,88.0
535,536,88279,34.0,67.0,96.0,109.0
536,537,73046,37.0,64.0,96.0,109.0
537,538,35599,53.0,130.0,96.0,56.0
538,539,4000000,5.0,99.0,96.0,103.0
539,540,70516,38.0,63.0,96.0,109.0
540,541,127877,29.0,74.0,96.0,111.0
541,542,104058,31.0,124.0,96.0,81.0
542,543,28094,60.0,40.0,96.0,97.0
543,544,27476,61.0,39.0,96.0,96.0
544,545,4000000,5.0,99.0,96.0,103.0
545,546,137174,27.0,120.0,96.0,82.0
546,547,375756,16.0,114.0,96.0,93.0
547,548,36521,53.0,130.0,96.0,56.0
548,549,226757,21.0,118.0,96.0,89.0
549,550,54951,43.0,129.0,96.0,69.0
550,551,346020,17.0,86.0,96.0,109.0
551,552,93770,33.0,124.0,96.0,78.0
552,553,4750000,5.0,100.0,96.0,103.0
553,554,189035,23.0,79.0,96.0,109.0
554,555,29393,59.0,41.0,96.0,103.0
555,556,206611,22.0,119.0,96.0,89.0
556,557,88279,34.0,125.0,96.0,77.0
557,558,173611,24.0,119.0,96.0,86.0
558,559,4000000,5.0,99.0,96.0,103.0
559,560,4000000,5.0,100.0,96.0,103.0
560,561,1000000,10.0,109.0,96.0,97.0
561,562,113709,30.0,72.0,96.0,110.0
562,563,26587,62.0,38.0,96.0,105.0
563,564,93770,33.0,68.0,96.0,105.0
564,565,510204,14.0,112.0,96.0,93.0
565,566,74417,37.0,64.0,96.0,108.0
566,567,625958,13.0,111.0,96.0,95.0
567,568,45269,47.0,54.0,96.0,106.0
568,569,173611,24.0,78.0,96.0,110.0
569,570,68083,39.0,127.0,96.0,72.0
570,571,29060,59.0,41.0,96.0,102.0
571,572,1000000,10.0,108.0,96.0,96.0
572,573,91827,33.0,69.0,96.0,111.0
573,574,1562500,8.0,95.0,96.0,105.0
574,575,30427,58.0,130.0,96.0,51.0
575,576,220042,21.0,117.0,96.0,88.0
576,577,116307,30.0,122.0,96.0,80.0
577,578,213326,22.0,81.0,96.0,110.0
578,579,1156378,10.0,108.0,96.0,96.0
579,580,35164,54.0,131.0,96.0,56.0
580,581,137174,27.0,75.0,96.0,108.0
581,582,2532123,7.0,106.0,96.0,99.0
582,583,54083,43.0,58.0,96.0,110.0
583,584,1453189,8.0,106.0,96.0,96.0
584,585,287552,19.0,84.0,96.0,109.0
585,586,259002,20.0,83.0,96.0,109.0
586,587,1562500,8.0,96.0,96.0,105.0
587,588,564545,13.0,112.0,96.0,96.0
588,589,884297,11.0,93.0,96.0,107.0
589,590,5500000,5.0,101.0,96.0,102.0
590,591,220042,22.0,81.0,96.0,110.0
591,592,1078189,10.0,109.0,96.0,97.0
592,593,537374,14.0,112.0,96.0,95.0
593,594,30427,58.0,42.0,96.0,104.0
594,595,58555,42.0,128.0,96.0,69.0
595,596,2532123,7.0,106.0,96.0,99.0
596,597,69348,39.0,62.0,96.0,105.0
597,598,173611,24.0,117.0,96.0,83.0
598,599,30778,57.0,129.0,96.0,51.0
599,600,3592592,5.0,98.0,96.0,103.0
600,601,4750000,5.0,101.0,96.0,103.0
601,602,826446,11.0,92.0,96.0,107.0
602,603,137174,27.0,75.0,96.0,109.0
603,604,226757,21.0,81.0,96.0,109.0
604,605,3592592,6.0,104.0,96.0,101.0
605,606,375756,16.0,114.0,96.0,93.0
606,607,44647,48.0,53.0,96.0,108.0
607,608,63582,40.0,61.0,96.0,106.0
608,609,137174,27.0,121.0,96.0,83.0
609,610,164537,25.0,78.0,96.0,111.0
610,611,884297,11.0,93.0,96.0,107.0
611,612,942148,11.0,92.0,96.0,106.0
612,613,31518,57.0,130.0,96.0,52.0
613,614,1000000,10.0,93.0,96.0,106.0
614,615,160000,25.0,77.0,96.0,110.0
615,616,77160,36.0,66.0,96.0,110.0
616,617,118906,29.0,73.0,96.0,110.0
617,618,2532123,7.0,97.0,96.0,105.0
618,619,360888,17.0,112.0,96.0,89.0
619,620,4000000,5.0,100.0,96.0,103.0
620,621,4000000,5.0,98.0,96.0,103.0
621,622,226757,21.0,81.0,96.0,109.0
622,623,99790,32.0,124.0,96.0,79.0
623,624,268005,20.0,117.0,96.0,91.0
624,625,189035,23.0,80.0,96.0,111.0
625,626,86505,34.0,68.0,96.0,111.0
626,627,118906,29.0,73.0,96.0,111.0
627,628,1234567,9.0,108.0,96.0,98.0
628,629,116307,30.0,121.0,96.0,79.0
629,630,942148,11.0,92.0,96.0,106.0
630,631,206611,22.0,117.0,96.0,86.0
631,632,26874,61.0,39.0,96.0,106.0
632,633,2777777,6.0,104.0,96.0,101.0
633,634,183894,24.0,120.0,96.0,88.0
634,635,124669,29.0,73.0,96.0,110.0
635,636,155976,25.0,78.0,96.0,111.0
636,637,510204,14.0,112.0,96.0,94.0
637,638,510204,14.0,89.0,96.0,108.0
638,639,33057,55.0,45.0,96.0,100.0
639,640,2532123,6.0,97.0,96.0,104.0
640,641,1156378,9.0,108.0,96.0,97.0
641,642,1721938,8.0,95.0,96.0,104.0
642,643,31518,57.0,43.0,96.0,105.0
643,644,54951,43.0,57.0,96.0,105.0
644,645,47966,46.0,55.0,96.0,108.0
645,646,277008,19.0,83.0,96.0,108.0
646,647,70516,38.0,127.0,96.0,74.0
647,648,4000000,5.0,99.0,96.0,102.0
648,649,466364,14.0,112.0,96.0,93.0
649,650,189035,23.0,119.0,96.0,88.0
650,651,510204,14.0,89.0,96.0,108.0
651,652,144344,27.0,121.0,96.0,84.0
652,653,137174,27.0,75.0,96.0,110.0
653,654,4000000,5.0,103.0,96.0,102.0
654,655,111111,30.0,125.0,96.0,83.0
655,656,34293,54.0,46.0,96.0,101.0
656,657,1234567,9.0,108.0,96.0,98.0
657,658,32277,56.0,44.0,96.0,96.0
658,659,226757,21.0,82.0,96.0,110.0
659,660,1000000,10.0,109.0,96.0,97.0
660,661,287552,19.0,116.0,96.0,91.0
661,662,77160,36.0,65.0,96.0,108.0
662,663,93770,33.0,68.0,96.0,107.0
663,664,2777777,6.0,105.0,96.0,100.0
664,665,466364,15.0,88.0,96.0,108.0
665,666,826446,11.0,110.0,96.0,96.0
666,667,62500,40.0,128.0,96.0,72.0
667,668,147928,26.0,75.0,96.0,107.0
668,669,2286470,7.0,106.0,96.0,100.0
669,670,1562500,8.0,95.0,96.0,105.0
670,671,1156378,9.0,108.0,96.0,97.0
671,672,81632,35.0,67.0,96.0,111.0
672,673,28727,59.0,41.0,96.0,105.0
673,674,50896,45.0,130.0,96.0,67.0
674,675,408564,16.0,112.0,96.0,90.0
675,676,65746,39.0,63.0,96.0,111.0
676,677,65746,39.0,62.0,96.0,107.0
677,678,32667,56.0,133.0,96.0,55.0
678,679,537374,14.0,112.0,96.0,95.0
679,680,169074,25.0,121.0,96.0,87.0
680,681,346020,17.0,86.0,96.0,109.0
681,682,118906,29.0,72.0,96.0,106.0
682,683,104058,31.0,122.0,96.0,78.0
683,684,25195,63.0,133.0,96.0,46.0
684,685,510204,14.0,89.0,96.0,107.0
685,686,3185185,6.0,98.0,96.0,104.0
686,687,33057,55.0,130.0,96.0,54.0
687,688,298097,19.0,116.0,96.0,91.0
688,689,47966,46.0,55.0,96.0,107.0
689,690,28094,60.0,40.0,96.0,101.0
690,691,4000000,5.0,100.0,96.0,103.0
691,692,444444,15.0,88.0,96.0,108.0
692,693,40000,50.0,50.0,96.0,101.0
693,694,408564,16.0,113.0,96.0,92.0
694,695,1453189,9.0,95.0,96.0,106.0
695,696,2777777,6.0,105.0,96.0,99.0
696,697,99790,32.0,121.0,96.0,76.0
697,698,826446,11.0,92.0,96.0,107.0
698,699,4000000,5.0,103.0,96.0,100.0
699,700,16723,78.0,23.0,96.0,90.0
700,701,346020,17.0,85.0,96.0,108.0
701,702,69252,38.0,63.0,96.0,108.0
702,703,44024,48.0,131.0,96.0,64.0
703,704,1343878,9.0,95.0,96.0,106.0
704,705,19654,72.0,28.0,96.0,95.0
705,706,56689,42.0,58.0,96.0,105.0
706,707,488284,15.0,113.0,96.0,94.0
707,708,69252,38.0,126.0,96.0,72.0
708,709,99790,32.0,69.0,96.0,107.0
709,710,4750000,5.0,101.0,96.0,102.0
710,711,26301,62.0,38.0,96.0,101.0
711,712,130758,28.0,123.0,96.0,84.0
712,713,133966,28.0,122.0,96.0,83.0
713,714,1562500,8.0,107.0,96.0,98.0
714,715,213326,22.0,118.0,96.0,88.0
715,716,57622,42.0,60.0,96.0,111.0
716,717,44024,48.0,131.0,96.0,64.0
717,718,1156378,10.0,109.0,96.0,97.0
718,719,64664,40.0,60.0,96.0,104.0
719,720,17945,76.0,27.0,96.0,81.0
720,721,206611,22.0,117.0,96.0,86.0
721,722,346020,17.0,85.0,96.0,106.0
722,723,4000000,5.0,103.0,96.0,101.0
723,724,259002,19.0,84.0,96.0,109.0
724,725,32667,56.0,44.0,96.0,95.0
725,726,321101,18.0,115.0,96.0,91.0
726,727,69252,38.0,64.0,96.0,112.0
727,728,660201,13.0,88.0,96.0,104.0
728,729,694444,12.0,91.0,96.0,107.0
729,730,660201,13.0,111.0,96.0,95.0
730,731,71781,38.0,64.0,96.0,110.0
731,732,169074,25.0,78.0,96.0,111.0
732,733,4000000,5.0,103.0,96.0,99.0
733,734,22503,67.0,33.0,96.0,98.0
734,735,97656,32.0,125.0,96.0,80.0
735,736,56689,42.0,59.0,96.0,106.0
736,737,782445,12.0,111.0,96.0,97.0
737,738,408564,16.0,87.0,96.0,108.0
738,739,1343878,9.0,108.0,96.0,98.0
739,740,444444,15.0,87.0,96.0,106.0
740,741,44024,48.0,129.0,96.0,62.0
741,742,69252,38.0,129.0,96.0,75.0
742,743,88279,34.0,125.0,96.0,78.0
743,744,510204,14.0,89.0,96.0,108.0
744,745,408564,16.0,87.0,96.0,108.0
745,746,32277,56.0,44.0,96.0,104.0
746,747,226757,21.0,82.0,96.0,109.0
747,748,537374,13.0,111.0,96.0,94.0
748,749,226757,21.0,82.0,96.0,110.0
749,750,268005,20.0,83.0,96.0,109.0
